-8.4 0
-8.3 0
-8.2 0
-8.1 0
-8 0
-7.9 0
-7.8 0
-7.7 0
-7.6 0
-7.5 0
-7.4 0
-7.3 0
-7.2 0
-7.1 0
-7 0
-6.9 0
-6.8 0
-6.7 0
-6.6 0
-6.5 0
-6.4 0
-6.3 0
-6.2 0
-6.1 0
-6 0
-5.9 0
-5.8 0
-5.7 0
-5.6 0
-5.5 0
-5.4 0
-5.3 0
-5.2 0
-5.1 0
-5 0
-4.9 0
-4.8 0
-4.7 0
-4.6 0
-4.5 0
-4.4 0
-4.3 0
-4.2 0.245866
-4.1 0.654058
-4 0.931588
-3.9 1.17952
-3.8 1.43457
-3.7 1.71013
-3.6 2.03144
-3.5 2.46314
-3.4 3.34054
-3.3 3.41192
-3.2 3.48078
-3.1 3.55816
-3 3.63644
-2.9 3.72222
-2.8 3.80359
-2.7 3.89817
-2.6 3.99355
-2.5 4.09805
-2.4 4.207
-2.3 4.32542
-2.2 4.44968
-2.1 4.59712
-2 4.75435
-1.9 4.94014
-1.8 5.13437
-1.7 5.43413
-1.6 6.08976
-1.5 6.09916
-1.4 6.10646
-1.3 6.12891
-1.2 6.15255
-1.1 6.18939
-1 6.22948
-0.9 6.28527
-0.8 6.34148
-0.7 6.41233
-0.6 6.50841
-0.5 6.63016
-0.4 6.77727
-0.3 6.9605
-0.2 7.19681
-0.1 7.52689
-1.34615e-14 8.3159
0.1 8.41984
0.2 8.54841
0.3 8.72973
0.4 8.96032
0.5 9.28553
0.6 9.78117
0.7 10.688
0.8 14.9734
0.9 7.26185
1 6.15741
1.1 5.49507
1.2 5.01867
1.3 4.65059
1.4 4.34169
1.5 4.08882
1.6 3.87649
1.7 3.67186
1.8 3.50187
1.9 3.33795
2 3.20335
2.1 3.07824
2.2 2.95997
2.3 2.84856
2.4 2.74754
2.5 2.65143
2.6 2.57312
2.7 2.48397
2.8 2.40617
2.9 2.33255
3 2.25928
3.1 2.19858
3.2 2.13748
3.3 2.07717
3.4 2.02423
3.5 1.97134
3.6 1.9215
3.7 1.87296
3.8 1.82304
3.9 1.78239
4 1.73778
4.1 1.69771
4.2 1.65535
4.3 1.62066
4.4 1.58486
4.5 1.5486
4.6 1.51184
4.7 1.50555
4.8 1.44904
4.9 1.40307
5 1.3535
5.1 1.31006
5.2 1.26739
5.3 1.22666
5.4 1.13005
5.5 1.1278
5.6 1.13606
5.7 1.07732
5.8 1.08682
5.9 1.08392
6 1.07871
6.1 1.071
6.2 1.068
6.3 1.0502
6.4 1.05901
6.5 1.03837
6.6 1.01929
6.7 1.00253
6.8 0.98016
6.9 0.967858
7 0.947022
7.1 0.930555
7.2 0.912734
7.3 0.901656
7.4 0.886577
7.5 0.865991
7.6 0.852028
7.7 0.835271
7.8 0.82215
7.9 0.809406
8 0.796461
8.1 0.781752
8.2 0.76651
8.3 0.754954
8.4 0.742554
8.5 0.729804
8.6 0.717349
8.7 0.704415
8.8 0.6938
8.9 0.681642
9 0.669029
9.1 0.654434
9.2 0.649017
9.3 0.63442
9.4 0.625225
9.5 0.613242
9.6 0.604958
9.7 0.590884
9.8 0.582619
9.9 0.571394
10 0.559823
10.1 0.551807
10.2 0.54051
10.3 0.532519
10.4 0.519898
10.5 0.511315
10.6 0.500463
10.7 0.493855
10.8 0.484483
10.9 0.474848
11 0.462179
11.1 0.456171
11.2 0.44651
11.3 0.438941
11.4 0.432307
11.5 0.42085
11.6 0.416035
11.7 0.403951
11.8 0.396626
11.9 0.387763
12 0.378421
12.1 0.36823
12.2 0.359691
12.3 0.349266
12.4 0.342538
12.5 0.335337
12.6 0.323966
12.7 0.31469
12.8 0.307211
12.9 0.297904
13 0.291059
13.1 0.279224
13.2 0.271947
13.3 0.260785
13.4 0.250653
13.5 0.240388
13.6 0.231542
13.7 0.222989
13.8 0.220651
13.9 0.197326
14 0.183896
14.1 0.173159
14.2 0.159407
14.3 0.141953
14.4 0.122664
14.5 0.101818
14.6 0.0808596
14.7 0.0659141
14.8 0.0524583
14.9 0.0428262
15 0.0273121
15.1 0.0106494
15.2 0
15.3 0
15.4 0
15.5 0
15.6 0
